# Created by Octave 3.6.4, Mon May 02 16:37:06 2016 Paris, Madrid (heure d’été) <unknown@perdigo>
# name: errU
# type: scalar
0.2830336655009142


# name: errV
# type: scalar
0.2734126624980543


