# Created by Octave 3.6.4, Mon May 02 16:25:26 2016 Paris, Madrid (heure d’été) <unknown@perdigo>
# name: errU
# type: scalar
0.3091896710390106


# name: errV
# type: scalar
0.2862006189303317


