# Created by Octave 3.6.4, Mon May 02 16:35:04 2016 Paris, Madrid (heure d’été) <unknown@perdigo>
# name: errU
# type: scalar
0.3386292473208019


# name: errV
# type: scalar
0.4126829355886252


