# Created by Octave 3.6.4, Mon May 02 16:32:16 2016 Paris, Madrid (heure d’été) <unknown@perdigo>
# name: errU
# type: scalar
0.2843837685268687


# name: errV
# type: scalar
0.2946470078572472


