# Created by Octave 3.6.4, Mon May 02 16:35:54 2016 Paris, Madrid (heure d’été) <unknown@perdigo>
# name: M
# type: matrix
# rows: 3
# columns: 3
 -7.774612271132695 0.286125082929824 385.1620884827401
 -0.1027013289200536 -6.4382975245649 661.7244771259183
 -4.133914424732721e-005 0.0006064202667294754 0.9999998152727506


