# Created by Octave 3.6.4, Mon May 02 16:23:23 2016 Paris, Madrid (heure d’été) <unknown@perdigo>
# name: M
# type: matrix
# rows: 3
# columns: 3
 -7.525201860303108 -0.2541596265124261 368.1355473132251
 0.1351330132176037 -6.861668461495674 705.8952408943275
 -3.826180359670234e-005 -0.0005100665320859175 0.999999869184075


