# Created by Octave 3.6.4, Mon May 02 16:33:33 2016 Paris, Madrid (heure d’été) <unknown@perdigo>
# name: M
# type: matrix
# rows: 3
# columns: 3
 -7.765923613319514 0.2851072741426545 384.9946390223635
 -0.1016710148934058 -6.430730751447672 667.7582778830713
 -4.429539102815459e-005 0.0006030680998701251 0.9999998171733758


