# Created by Octave 3.6.4, Mon May 02 16:30:58 2016 Paris, Madrid (heure d’été) <unknown@perdigo>
# name: M
# type: matrix
# rows: 3
# columns: 3
 -7.539412353557039 -0.2528073597452287 368.542392828047
 0.135365314850893 -6.872333250031172 711.5771029504391
 -4.174602366607435e-005 -0.0005102131935822853 0.9999998689698747


